#social fans
x = [1, 2, 3, 4, 5, 7, 10, 15, 20, 30, 45, 60]
y = [0.000858, 0.00051536, 0.000378559, 0.0003, 0.00025, 0.00019, 0.000147, 0.0001, 0.0000915, 0.000085, 0.000054, 0.0000445]

#content fans
x = [1, 2, 3, 5, 7, 10, 20, 30, 50, 80, 120, 160]
y = [0.000374, 0.000195, 0.000112, 0.000153, 0.000098543, 0.00008, 0.0000866, 0.00007091, 0.00012, 0.000064, 0.0000291, 0.000028]

#social follows
x = [1, 2, 3, 4, 5, 7, 10, 15, 20, 30, 45, 60]
y = [0.000893, 0.00058, 0.000417, 0.00033, 0.0002526, 0.0002281, 0.0001783, 0.0001378, 0.0001, 0.00007654, 0.000060748, 0.0000512545]

#content follows
x = [1, 3, 5, 10, 20, 30, 50, 80, 120, 220, 340, 520]
y = [0.001277, 0.00051, 0.000314, 0.0000877, 0.0000787, 0.0000622, 0.0001, 0.0000705, 0.0000446756, 0.00002, 0.0000174, 0.00001063]

